1 256
2 256
3 256
4 256
5 256
6 256
7 256
8 256
9 8
10 8
11 8
12 256
13 8
14 256
15 256
16 256
17 256
18 256
19 256
20 256
21 256
22 256
23 256
24 256
25 256
26 256
27 256
28 256
29 256
30 256
31 256
32 8
33 256
34 256
35 256
36 256
37 256
38 256
39 256
40 3
41 3
42 3
43 1
44 256
45 1
46 256
47 1
48 144
49 144
50 144
51 144
52 144
53 144
54 144
55 144
56 144
57 144
58 256
59 1
60 3
61 1
62 3
63 256
64 256
65 36
66 36
67 36
68 36
69 36
70 36
71 36
72 36
73 36
74 36
75 36
76 36
77 36
78 36
79 36
80 36
81 36
82 36
83 36
84 36
85 36
86 36
87 36
88 36
89 36
90 36
91 256
92 256
93 256
94 256
95 256
96 256
97 36
98 36
99 36
100 36
101 36
102 36
103 36
104 36
105 36
106 36
107 36
108 36
109 36
110 36
111 36
112 36
113 36
114 36
115 36
116 36
117 36
118 36
119 36
120 36
121 36
122 36
123 256
124 256
125 256
126 256
127 256